function [h0,hmax,rho0,H] = rho_atmo()
% f1 = fopen("atmo.txt");
% C = textscan(f1,'%f%f%f%f','Delimiter',' ','MultipleDelimsAsOne',true,'CommentStyle','#');
% h0 = cell2mat(C(1));
% hmax = cell2mat(C(2));
% rho0 = cell2mat(C(3));
% H = cell2mat(C(4));
% fclose(f1);
h0 = [0 25 30 40 50 60 70 80 90 100 110 120 130 140 150 180 200 250 300 350 400 450 500 600 700 800 900 1000]';
hmax = [25	30	40	50	60	70	80	90	100	110	120	130	140	150	180	200	250	300	350	400	450	500	600	700	800	900	1000 Inf]';
rho0 = [1.225	0.03899	0.01774	0.003972	0.001057	0.0003206	8.770e-05	1.905e-05	3.396e-06	5.297e-07	9.661e-08	2.438e-08	8.484e-09	3.845e-09	2.070e-09	5.464e-10	2.789e-10	7.248e-11	2.418e-11	9.158e-12	3.725e-12	1.585e-12	6.967e-13	1.454e-13	3.614e-14	1.170e-14	5.245e-15	3.019e-15]';
H = [7.249,	6.349,	6.682,	7.554,	8.382,	7.714,	6.549,	5.799,	5.382,	5.877,	7.263,	9.473,	12.636,	16.149,	22.523,	29.74,	37.105,	45.546,	53.628,	53.298,	58.515,	60.828,	63.822,	71.835,	88.667,	124.64,	181.05,	268]';
end

